1 0.0125 0.75625 0.025 0.0902778
1 0.253125 0.680556 0.0453125 0.0861111
1 0.794531 0.715278 0.096875 0.202778
0 0.427344 0.372222 0.0609375 0.147222
1 0.126563 0.920833 0.0703125 0.116667
1 0.240234 0.575694 0.0726563 0.120833
1 0.0410156 0.954167 0.0789063 0.0861111
0 0.79375 0.713194 0.0953125 0.201389
1 0.123438 0.597917 0.0609375 0.0847222
2 0.126563 0.920833 0.0703125 0.116667
0 0.603516 0.882639 0.0757812 0.176389
3 0.427344 0.372917 0.0640625 0.143056
0 0.216797 0.925 0.0632813 0.111111
2 0.589063 0.342361 0.0890625 0.218056
0 0.517187 0.544444 0.0890625 0.191667
1 0.602344 0.884028 0.078125 0.179167
1 0.166797 0.725 0.0742188 0.113889
0 0.216406 0.801389 0.053125 0.0833333
0 0.942969 0.654167 0.104687 0.227778
0 0.586719 0.615278 0.101562 0.222222
1 0.689453 0.769444 0.0726563 0.194444
0 0.380078 0.15625 0.0820312 0.198611
1 0.514063 0.826389 0.0859375 0.205556
0 0.176953 0.147222 0.222656 0.286111
0 0.513281 0.201389 0.117188 0.302778
