1 0.649609 0.0777778 0.0523437 0.0833333
1 0.216406 0.489583 0.0296875 0.0541667
3 0.458984 0.325694 0.0523437 0.0875
1 0.015625 0.423611 0.0296875 0.0638889
1 0.0878906 0.45625 0.0460938 0.0736111
1 0.0355469 0.452778 0.0335938 0.0527778
1 0.641406 0.467361 0.090625 0.154167
1 0.701953 0.276389 0.0617188 0.116667
1 0.248047 0.483333 0.0429688 0.0555556
1 0.488672 0.440972 0.128906 0.168056
0 0.525781 0.33125 0.0828125 0.123611
1 0.701953 0.119444 0.0632813 0.1
0 0.634766 0.159722 0.0710938 0.0888889
0 0.771094 0.491667 0.09375 0.0833333
0 0.597656 0.713889 0.096875 0.158333
0 0.75625 0.365278 0.0921875 0.0777778
0 0.259766 0.733333 0.111719 0.205556
