2 0.0699219 0.495139 0.139844 0.126389
0 0.08125 0.497222 0.146875 0.113889
2 0.194141 0.749306 0.0335938 0.1125
1 0.309375 0.465278 0.10625 0.113889
1 0.189063 0.339583 0.304688 0.220833
3 0.56875 0.463194 0.125 0.218056
1 0.373047 0.818056 0.0929687 0.166667
1 0.0804688 0.500694 0.15625 0.115278
1 0.56875 0.456944 0.110937 0.194444
2 0.0320312 0.460417 0.0640625 0.173611
1 0.0417969 0.660417 0.0804688 0.156944
0 0.373047 0.818056 0.0882813 0.161111
1 0.334375 0.601389 0.0828125 0.133333
1 0.419922 0.71875 0.0492188 0.154167
1 0.168359 0.130556 0.186719 0.241667
1 0.673047 0.823611 0.0445312 0.175
0 0.287109 0.709028 0.0664062 0.1375
0 0.291016 0.85625 0.0726563 0.106944
0 0.510156 0.227778 0.132812 0.163889
0 0.229687 0.725 0.059375 0.122222
0 0.556641 0.665278 0.200781 0.244444
