0 0.093359 0.404861 0.175781 0.168056
0 0.426953 0.223611 0.057031 0.163889
0 0.481250 0.473611 0.059375 0.163889
0 0.644141 0.542361 0.055469 0.104167
0 0.632031 0.704861 0.067187 0.101389
2 0.520312 0.698611 0.046875 0.086111
0 0.480469 0.845139 0.078125 0.109722
1 0.533984 0.900694 0.078906 0.159722
0 0.373047 0.534722 0.030469 0.055556
0 0.410156 0.585417 0.034375 0.048611
1 0.420703 0.521528 0.033594 0.062500
1 0.788281 0.598611 0.053125 0.091667
0 0.628125 0.147917 0.114062 0.190278
0 0.478125 0.326389 0.093750 0.108333
1 0.593359 0.306250 0.052344 0.104167
