0 0.372656 0.558333 0.075000 0.175000
0 0.494141 0.534028 0.110156 0.179167
0 0.514453 0.361111 0.127344 0.138889
1 0.727734 0.200000 0.107031 0.219444
1 0.510156 0.707639 0.075000 0.106944
0 0.427344 0.812500 0.078125 0.152778
1 0.585938 0.888194 0.075000 0.143056
1 0.643359 0.763194 0.083594 0.173611
0 0.733984 0.945833 0.086719 0.108333
1 0.630078 0.193750 0.082031 0.173611
1 0.585156 0.132639 0.087500 0.193056
1 0.531250 0.216667 0.060937 0.163889
2 0.183594 0.614583 0.062500 0.131944
1 0.921094 0.681250 0.059375 0.076389
2 0.587500 0.659028 0.057813 0.104167
3 0.447656 0.622917 0.076563 0.079167
